0 0 0 0 0 0 0 0 0 0 0 0 0 0 0 0 0 0 0 0 0 0 0 0 0 0 0 0 0 0 0 0 0 0 0 0 0 0 0 0 0 0 0 0 0 0 0 0 0 0 0 0 0 0 0 0 0 0 0 0 0 0 0 0 0 0 0 0 0 0 0 0 0 0 0 0 0 0 0 0 0 0 0 0 0 0 0 0 0 0 0 0 0 0 0 0 0 0 1581 2864
0 0 0 0 0 0 0 0 0 0 0 0 0 0 0 0 0 0 0 0 0 0 0 0 0 0 0 0 0 0 0 0 0 0 0 0 0 0 0 0 0 0 0 0 0 0 0 0 0 0 0 0 0 0 0 0 0 0 0 0 0 0 0 0 0 0 0 0 0 0 0 0 0 3860 50 277 85 118 842 14 7 936 19 7 3861 380 53 1263 1924 512 53 3862 15 3863 35 9 65 4 831 14
0 0 0 0 0 0 0 0 0 0 0 0 0 0 0 0 0 0 0 0 0 0 0 0 0 0 0 0 0 0 0 0 0 0 0 0 0 0 0 0 0 0 0 0 0 0 0 0 0 0 0 0 0 0 0 0 0 0 0 0 0 0 0 0 0 0 0 0 0 0 0 0 0 0 0 0 0 0 0 0 0 0 0 0 0 0 0 0 0 0 0 19 91 19 2101 76 1 369 4580 32
0 0 0 0 0 0 0 0 0 0 0 0 0 0 0 0 0 0 0 0 0 0 0 0 0 0 0 0 0 0 0 0 0 0 0 0 0 0 0 0 0 0 0 0 0 0 0 0 0 0 0 0 0 0 0 0 0 0 0 0 0 0 0 0 0 0 0 0 0 0 0 0 0 0 0 0 0 0 0 0 0 0 0 0 0 0 0 0 0 0 0 0 0 0 0 0 0 0 0 576
3 691 1 162 1 229 734 46 5021 21 5022 2 1 162 363 1006 527 2 36 33 60 114 87 6 2186 13 24 182 3 46 604 528 13 1 5023 5024 3 619 2 36 33 60 114 87 5025 32 37 1400 1337 3 2190 459 2191 1005 11 5026 2080 21 5027 32 46 2 1 323 45 10 54 21 543 4 5028 5 619 2 24 21 46 36 33 60 56 2170 5029 5030 21 5031 21 5032 4 46 36 33 60 56 3 737 46 1396 10 543
0 0 0 0 0 0 0 0 0 0 0 0 0 0 0 0 0 0 0 0 0 0 0 0 0 0 0 0 0 0 0 0 0 0 0 0 0 0 0 0 0 0 0 0 0 0 0 0 0 0 0 0 0 0 0 0 0 0 0 0 0 0 0 0 0 0 0 0 0 0 0 0 0 0 0 0 0 0 0 0 0 0 0 0 0 0 0 0 0 0 0 0 0 0 0 0 624 15 3 531
8 406 79 2284 1432 8 637 19 5 1433 8 154 3 2285 2286 2 42 2287 3 1434 292 4 1435 1 2288 2 42 2289 3 1436 290 79 2290 4 2291 8 2292 19 5 778 253 1 2293 2294 13 45 7 2295 8 2296 2297 790 8 2298 6 71 2299 6 791 4 1027 8 117 639 3 2300 1 2301 2 8 2302 3 1 640 2 8 2303 4 8 117 2304 1028 79 1437 5 1029 27 41 233 1030 4 2305 48 1438 11 8 777 9 29 2306
0 0 0 0 0 0 0 0 0 0 0 0 0 0 0 0 0 0 0 0 0 0 0 0 0 0 0 0 294 1 3071 2 1 111 375 16 7 136 198 77 93 1 804 2 8 1157 9 3072 22 192 57 7 149 1 1684 126 2 1 340 154 16 1 3073 75 20 24 75 4 317 801 4 17 16 234 7 9 573 1 177 3074 9 97 22 17 208 3 3075 102 1685 2 1 3076 1686 377 574 3077 138 17 19 3078
0 0 0 0 0 0 0 0 0 0 0 0 0 0 0 0 0 0 0 0 0 0 0 0 0 0 0 0 0 0 0 0 0 0 0 0 0 0 0 0 0 0 0 0 0 0 0 0 0 0 0 0 0 0 0 0 0 0 0 0 0 0 0 0 0 0 0 20 59 9 1 52 107 12 30 237 24 1061 45 15 34 373 1524 4 486 2601 11 19 5 1525 15 34 139 1079 215 4 547 105 1 1080
0 0 0 0 0 0 0 0 0 0 0 0 0 0 0 0 0 0 0 0 0 0 0 0 0 0 0 0 0 0 0 0 0 161 309 12 6 5 1288 14 25 43 13 139 3763 945 1288 67 451 1906 4 157 3764 17 176 7 9 947 10 169 15 170 88 4 840 1 1289 3 57 7 1134 70 5 1288 862 4 737 449 15 135 124 11 12 9 16 157 1290 2 70 3 47 15 309 12 2 189 1217 328 99 14
0 0 0 0 0 0 0 0 0 0 0 0 0 0 0 0 0 0 0 0 0 0 0 0 0 0 0 0 0 0 0 0 0 0 0 0 0 0 0 0 0 0 719 14 692 55 58 1245 25 99 178 1 308 3 170 4 1159 542 1 1898 3746 22 1 594 12 9 539 3747 1508 3748 3749 1 305 92 446 1210 3 1 111 1169 1617 3750 6 1 587 355 1876 1 723 696 2 1285 3751 3 3752 3753 6 1 1276 596
2337 2 1448 223 2338 3 2339 45 25 1038 16 17 644 3 47 2340 17 90 1039 4 1 153 11 1 2341 2342 9 463 183 2343 12 9 29 131 73 5 2344 2345 1433 9 187 16 1 80 1441 6 1 473 2 1 1449 408 3 25 18 368 1040 2346 367 74 1035 2347 17 32 290 3 474 105 5 782 2 2348 475 3 1450 45 9 4 2349 13 134 369 21 2350 16 172 196 155 3 476 1 401 2 17 798 477 3 1041 6 2351
0 0 0 0 0 0 0 0 0 0 0 0 0 0 0 0 0 0 0 0 0 0 0 0 0 0 0 0 0 0 0 0 0 0 0 0 0 0 0 0 0 0 0 0 0 0 0 0 0 0 0 0 0 0 0 0 0 0 0 0 0 0 0 0 0 0 0 0 0 0 0 0 0 0 0 0 0 0 0 0 0 0 0 0 0 0 0 0 0 0 0 0 5 1734 1724 18 1043 5 3248 1193
0 0 0 0 0 0 0 0 0 0 0 0 0 0 0 24 127 30 16 1 133 2 363 530 6 1 145 128 3 115 68 624 2 1 205 22 41 625 3 13 183 41 768 769 10 146 221 12 317 12 104 21 770 133 12 184 1 129 2 1 36 33 163 626 13 24 127 21 398 22 251 33 318 40 10 44 29 286 6 1 145 128 10 79 34 4 399 1 206 2 1 287 108 10 44 286 73 319 24 127
0 0 0 0 0 0 0 0 0 0 0 0 0 0 0 0 0 0 0 0 0 0 0 0 0 0 0 0 0 0 0 0 0 0 0 0 0 0 0 0 0 0 0 0 0 0 0 0 0 0 0 0 0 0 0 0 0 0 0 0 0 0 0 0 0 0 29 103 15 1163 1 200 28 393 1308 8 121 1244 4847 3 4848 164 4 107 1 110 18 1347 1 4849 1580 2 5 522 758 204 266 99 9 310
0 0 0 0 0 0 0 0 0 0 0 0 0 0 0 0 0 0 0 0 0 0 0 0 0 0 0 0 0 0 0 0 0 0 0 0 0 0 0 0 0 0 0 0 0 0 0 0 0 0 0 0 0 0 0 0 0 0 0 0 0 0 16 5 131 214 69 1 278 926 22 1 219 247 94 9 1 90 4 293 17 98 104 25 83 29 3782 4 1 91 1257 3783 2 45 25 152 35 38 339 330
0 0 0 0 0 0 0 0 0 0 0 0 0 0 0 0 0 0 0 0 0 0 0 0 0 0 0 0 0 0 0 0 0 0 0 0 0 0 0 0 0 0 0 0 0 0 0 0 0 0 0 0 0 0 0 0 0 1 1404 942 882 30 286 22 5064 5065 5066 1260 715 5067 272 5068 5069 5070 5071 5072 5073 759 1388 3 51 4 628 759 397 100 23 187 22 1 1404 2182 3 1391 2202 22 251 33 318 759
0 0 0 0 0 0 0 0 0 0 0 0 0 0 0 0 0 0 0 0 0 0 0 0 0 0 0 0 0 0 0 0 0 0 918 5 1814 1815 447 279 24 450 55 58 252 14 1816 122 3488 82 1 354 3489 6 352 188 23 3490 650 4 120 50 3 593 39 61 3491 12 3 39 276 3492 277 1224 634 27 22 1817 3 5 268 1818 96 188 298 4 133 12 46 75 69 55 919 451 124 3493 23 3494 169 14
0 0 0 0 0 0 0 0 0 0 0 0 0 0 0 0 0 0 0 0 0 0 0 0 0 0 0 0 0 0 0 0 0 0 0 0 0 0 0 0 0 0 0 0 0 0 0 0 0 0 0 0 0 0 0 0 0 0 0 0 0 0 0 0 0 0 0 0 0 0 0 0 0 0 0 0 0 0 0 0 0 0 0 0 0 0 0 0 0 0 0 0 0 0 0 0 0 496 22 192
0 0 0 0 0 0 0 0 0 0 0 0 0 0 0 0 0 0 0 0 0 0 0 0 0 0 0 0 0 0 0 0 0 0 0 0 0 0 3716 1894 14 692 55 58 3717 25 151 6 392 2 1 1895 3718 13 3719 1896 17 1897 3720 26 1 3721 3722 579 3 926 22 17 117 1830 1234 3723 3 1833 92 1 356 2 17 300 3724 179 3725 17 98 1884 3 3726 1888 6 1 1889 76 1 3727 3728 104 3 25 1255
542 1 505 587 1251 4094 2 1 411 3 1 1994 7 63 1226 1 715 379 3 506 1 1877 355 26 8 610 159 4095 2 4096 963 4097 158 4098 93 1 4099 1995 4 198 53 1317 140 89 232 18 1996 31 93 640 89 232 38 178 6 1 1318 593 138 7 1901 175 20 7 149 4100 26 1 4101 455 1205 440 279 1997 3 7 124 1998 2 1 4102 3 4103 49 5 134 96 1998 2 1 4104 3 4105 391 3 5 209 636 55 58
0 0 0 0 0 0 0 0 0 0 0 0 0 0 0 0 0 0 0 0 0 0 0 0 0 0 0 0 0 0 0 0 0 0 0 0 0 0 0 0 0 24 9 1 508 28 1422 115 7 270 4 717 96 4694 4695 5 1025 4696 89 63 7 332 1 360 32 4697 93 8 125 2127 7 1171 4 263 2 271 756 454 4698 21 4699 1 113 38 29 1731 35 988 4700 4701 84 8 1081 124 21 63 35 28 521 243
0 0 0 0 0 0 0 0 0 0 0 0 0 0 0 0 0 0 0 0 0 0 0 0 0 0 0 0 0 0 0 0 0 0 0 0 0 0 0 0 0 0 0 0 0 0 0 0 0 0 0 0 0 0 0 0 0 0 0 0 1246 181 494 8 121 3552 5 134 3553 3 257 1081 3 260 1841 15 18 5 1842 14 7 43 1231 571 10 37 4 120 51 4 1 921 391 3 34 5 3554 2 1843 14
0 0 0 0 0 0 0 0 0 0 0 0 0 0 0 0 0 0 0 0 0 0 0 0 0 0 0 0 0 0 0 0 0 0 0 0 0 0 0 0 0 0 0 0 0 0 0 0 0 0 0 0 0 0 0 0 0 0 0 0 0 0 0 0 0 0 0 0 0 0 0 0 0 0 0 0 0 0 0 0 0 0 0 0 0 0 0 0 0 0 0 0 0 0 0 0 0 0 0 3369
0 0 0 0 0 0 0 0 0 0 0 0 0 0 0 0 0 0 0 0 0 0 0 0 0 0 0 0 0 0 0 0 0 0 0 0 0 0 0 0 0 0 0 0 0 0 0 0 0 0 0 0 0 0 102 278 248 3521 3522 156 53 71 172 1233 3523 1 3524 1227 134 300 1832 820 65 71 356 71 448 3525 86 32 71 1216 3 1833 6 1234 138 48 1827 448 9 598 629 3 1 3526 718 82 1212 3527
117 1550 2690 1551 2691 5 78 6 1 1552 2 2692 2693 3 8 1553 11 7 558 1 1554 2 668 32 1 1555 2 669 6 2694 19 4 45 421 822 252 668 18 61 558 638 6 1 2695 2 669 105 11 2696 240 3 191 18 1503 2697 8 2698 32 1 1555 40 12 38 1091 4 212 8 825 65 24 2699 93 5 2700 12 64 670 19 2701 2702 558 668 15 558 1092 470 59 15 262 15 262 2703 4 263 1 1092 15 558 9 668
0 0 0 0 0 0 0 0 0 0 0 0 0 0 0 0 0 0 0 0 0 0 0 0 0 0 0 0 0 0 0 0 0 0 0 0 0 0 0 0 0 0 0 0 0 0 0 0 0 0 0 0 0 0 0 0 0 0 0 0 0 0 0 0 0 0 0 0 0 0 0 0 0 0 0 0 0 0 0 0 0 0 0 0 0 0 0 0 0 0 1249 1988 16 1989 550 14 180 1 1295 4106
0 0 0 0 0 0 0 0 0 0 0 0 0 0 0 0 0 0 0 0 0 0 0 0 0 0 0 0 0 0 0 0 0 0 0 0 0 0 0 0 0 0 0 0 0 0 0 0 0 0 0 0 4023 67 1310 383 13 67 1309 1568 67 1775 14 7 878 19 8 499 1930 1959 453 1 4024 1838 41 91 210 22 24 942 2 4025 7 275 4026 4 551 1 1982 2 1 354 348 4027 1156 47 4028 32 8 4029
0 0 0 0 0 0 0 0 0 0 0 0 0 0 0 0 0 0 0 0 0 0 0 0 0 0 0 0 0 0 0 0 0 0 0 0 0 0 0 0 0 0 0 0 0 0 0 0 0 0 0 0 0 0 0 0 0 0 0 0 0 0 0 0 0 0 0 0 0 0 0 0 0 0 0 0 0 0 0 0 0 0 0 0 0 0 0 0 0 0 0 0 0 0 0 1 627 2 623 316
0 0 0 0 0 0 0 0 0 0 0 0 0 0 0 0 0 0 0 0 0 0 0 0 0 0 0 0 0 0 0 0 0 0 0 0 0 0 0 0 0 0 0 0 0 0 0 0 0 0 0 0 0 0 0 0 0 0 0 0 0 0 0 0 0 0 0 0 0 0 0 0 0 0 0 0 0 0 0 0 0 0 0 0 0 0 0 0 0 0 0 0 0 0 703 1 166 3400 3401 3402
0 0 0 0 0 0 0 0 0 0 0 0 0 0 0 0 0 0 0 0 0 0 0 0 0 0 0 0 0 0 0 0 0 0 0 0 0 0 0 0 0 0 0 0 0 0 0 0 0 0 0 0 0 0 0 0 0 0 0 0 0 0 0 0 0 0 0 0 0 0 0 0 0 0 0 0 0 0 0 0 0 0 0 1 707 151 51 122 170 682 161 61 573 16 10 55 58 14 7 43
0 0 0 0 0 0 0 0 0 0 0 0 0 0 0 0 0 0 0 0 0 0 0 0 0 0 0 0 0 0 0 0 0 0 0 0 0 0 0 0 0 0 0 0 0 0 0 0 0 0 0 0 0 0 0 0 0 0 0 0 0 0 0 0 0 0 0 0 0 0 0 0 0 0 0 0 0 0 0 0 0 0 0 0 0 0 0 0 0 0 0 0 24 30 313 466 101 43 85 1366
0 0 0 0 0 0 0 0 0 0 0 0 0 0 0 0 0 0 0 0 0 0 0 0 0 0 0 0 0 0 0 0 0 0 0 0 0 0 0 0 0 0 0 0 0 0 0 0 0 0 0 1 1148 438 6 390 381 660 10 7 4436 1348 3 1360 3 381 198 10 109 59 396 827 26 20 15 34 4 34 85 4437 90 101 2077 6 1 219 16 5 753 7 4438 1 1353 4439 2078 8 663 26 8 2079
0 0 0 0 0 0 0 0 0 0 0 0 0 0 0 0 0 0 0 0 0 0 32 985 516 345 1332 1 4373 2027 2 2056 346 204 125 4374 22 1 655 1286 7 275 1 1256 3 1 984 123 185 38 29 1 1571 113 2 158 20 4375 4376 27 42 428 2057 3 4377 50 1 788 2 419 1350 28 151 51 8 348 4378 3 8 1322 2012 57 15 298 1 743 2 5 360 7 4379 381 72 386 75 4 1339 6 85 4380
0 0 0 0 0 0 0 0 0 0 0 0 0 0 0 0 0 0 0 0 0 0 0 0 0 0 0 0 0 0 0 0 0 0 0 0 0 0 0 0 0 0 0 0 0 0 0 0 0 0 0 0 0 0 0 0 0 0 0 0 0 0 0 0 0 0 0 0 0 0 0 0 0 0 0 0 0 0 0 0 0 0 0 0 0 0 0 0 0 0 0 771 171 1 627 2 623 316 1010 461
0 0 0 0 0 0 0 0 0 0 0 0 0 0 0 0 0 0 0 0 0 0 0 0 0 0 0 0 0 0 0 0 0 0 0 0 0 0 0 0 0 0 0 301 42 91 52 7 124 4210 91 22 893 19 4211 19 85 143 3 19 119 6 298 2 1331 20 41 48 100 54 454 16 666 2 77 15 213 53 1 487 3 6 196 155 976 601 976 106 70 5 4212 912 185 4213 2018 228 2 1 80 395
0 0 0 0 0 0 0 0 0 0 0 0 0 0 0 0 0 0 0 0 0 0 0 0 0 0 0 0 0 0 0 0 0 0 0 0 0 0 0 0 0 0 0 0 0 0 0 0 0 0 0 0 0 0 0 0 0 0 0 0 0 0 0 0 0 0 0 0 0 0 0 0 0 0 0 0 0 3104 70 1691 1 111 375 20 73 15 72 62 10 44 15 64 23 141 689 4 72 108 15 262
0 0 0 0 0 0 0 0 0 0 0 0 0 0 0 0 0 0 0 0 0 0 0 0 0 0 0 0 0 0 0 0 0 0 0 0 0 0 0 0 0 0 0 0 0 0 0 0 0 0 0 0 0 0 0 0 0 0 0 0 0 0 0 0 0 0 0 0 0 0 0 3984 14 43 157 3985 30 5 236 865 304 15 563 611 242 1 446 727 120 278 69 11 3986 1968 85 125 1266 160 244 14
0 0 0 0 0 0 0 0 0 0 0 0 0 0 0 0 0 0 0 0 0 0 0 0 0 0 0 0 0 0 0 0 0 0 0 0 0 0 0 0 0 0 0 0 0 0 0 0 0 0 0 0 0 0 0 0 0 0 0 0 0 0 0 0 0 0 0 0 0 0 0 0 0 0 0 0 0 0 0 0 0 0 0 0 0 0 0 0 176 29 175 70 238 1 694 2 1176 376 67 1179
0 0 0 0 0 0 0 0 0 0 0 0 0 0 0 0 0 0 0 0 0 0 0 0 0 0 0 0 0 0 0 0 28 1893 88 1 986 186 140 1 203 2061 2 510 7 1341 1 347 108 49 168 4 23 5 445 7 1993 154 1 126 3 474 1 131 219 388 1 2062 379 4384 2 1335 3 4385 8 1264 1803 4386 26 1 1983 612 7 1937 16 5 4387 3 6 1 905 718 211 7 149 1 2063 4388 1 4389
0 0 0 0 0 0 0 0 0 0 0 0 0 0 0 0 0 0 0 0 0 0 0 0 0 0 0 0 0 0 0 0 0 0 0 0 0 0 0 0 0 0 0 0 0 0 0 0 69 10 34 41 68 2143 28 1971 7 603 1 1364 156 8 143 1 480 377 28 4761 11 7 188 97 34 42 435 681 1 113 2144 18 1362 31 4 293 101 86 4 1 438 11 64 34 436 53 5 681 4 4762 8 143
0 0 0 0 0 0 0 0 0 0 0 0 0 0 0 0 0 0 0 0 0 0 0 0 0 0 0 0 0 0 0 0 0 0 0 0 0 0 0 0 0 0 0 0 0 0 0 0 0 0 0 0 0 0 0 0 0 0 0 0 0 0 0 0 0 0 0 0 0 0 0 0 0 0 0 0 0 0 0 0 0 0 0 0 0 0 0 0 0 0 0 0 0 0 0 0 1 110 9 310
0 0 0 0 0 0 0 0 0 0 0 0 0 0 0 0 0 0 0 0 0 0 0 0 0 0 0 0 0 0 0 0 0 0 0 0 0 0 0 0 0 0 0 0 0 0 0 0 0 0 0 0 0 0 0 0 0 0 0 0 0 0 0 0 0 0 0 0 0 0 0 0 0 0 0 0 0 0 0 0 3153 85 1166 569 265 2 1 798 3154 875 30 840 11 10 165 72 85 193 22 649
0 0 0 0 0 0 0 0 0 0 0 0 0 0 0 0 0 0 0 0 0 0 0 0 0 0 0 0 0 0 28 174 26 8 4269 3 344 4270 50 2 1 513 48 1483 417 925 6 8 125 2034 12 9 82 5 4271 6 1 1755 7 124 6 5 4272 2 1340 4273 15 213 53 1 487 3 35 173 70 5 4274 1058 24 80 395 113 62 63 135 2037 5 4275 2038 21 312 5 1139 4276 598 1644 3 598 4277 4278
0 0 0 0 0 0 0 0 0 0 0 0 0 0 0 0 0 0 0 0 0 0 0 0 0 0 0 0 0 0 0 0 0 0 0 0 0 0 0 0 0 0 0 0 0 0 0 0 0 0 0 0 0 0 0 0 0 0 0 0 0 0 0 0 0 0 0 0 0 0 0 0 0 0 0 0 0 0 0 0 0 0 0 76 313 466 1329 3 28 149 1 394 259 91 110 493 492 1 274 4782
0 0 0 0 0 0 0 0 0 0 0 0 0 0 0 0 0 0 0 0 0 0 0 0 0 0 0 0 0 0 0 0 0 0 0 89 2921 185 402 2922 2923 50 71 2924 63 35 29 2925 96 2926 73 17 404 2927 165 23 674 4 2928 858 496 24 30 222 1 1619 44 22 42 255 22 192 859 860 859 860 2929 11 15 23 96 2930 4 291 84 26 192 680 3 11 25 54 22 649 861 17 98 4 85 159
0 0 0 0 0 0 0 0 0 0 0 0 0 0 0 0 0 0 0 0 0 0 0 0 0 0 0 0 0 0 0 0 0 0 0 0 0 0 0 0 0 0 0 0 0 0 0 0 0 0 0 0 0 0 0 0 0 0 0 0 0 0 0 0 0 0 0 0 0 0 0 0 0 0 0 0 0 0 0 0 3 40 12 238 120 4 1 517 2 1373 1 110 170 26 884 39 1067 2159 4 829
0 0 0 0 0 0 0 0 0 0 0 0 0 0 0 0 0 0 0 0 0 0 0 0 0 0 0 0 0 0 0 0 0 0 0 0 0 0 0 0 0 0 0 0 0 0 0 0 0 0 0 0 0 1 80 684 270 8 1659 3 1 111 52 1665 8 8 1666 2 1546 75 18 1062 99 222 16 31 29 4 1667 4 173 133 2 12 47 7 1665 8 3026 105 5 3027 41 483 3028 2 3029 84 1 68
0 0 0 0 0 0 0 0 0 0 0 0 0 0 0 0 0 0 0 0 0 0 0 0 0 0 0 0 0 0 0 0 0 0 0 0 0 0 0 0 0 0 0 0 0 0 0 0 0 0 0 0 0 0 0 0 0 0 0 0 0 5 801 6 421 2776 1509 4 1 130 99 131 4 23 1493 169 2777 11 414 178 366 676 184 5 2778 3 377 27 2779 2 2780 2781 45 34 135 61 554 2782 1578 104
0 0 0 0 0 0 0 0 0 0 0 0 0 0 0 0 0 0 0 0 0 0 0 0 0 5 1820 2 1821 3500 27 3501 3 1726 26 71 118 4 1 921 391 103 3502 1 450 355 296 5 715 1226 51 32 1 247 5 922 1226 3 1 923 3503 2 3504 1220 32 1 1219 6 1 1801 48 3505 924 925 6 1 594 2 5 452 273 913 3 1822 53 5 3506 1823 92 5 427 1824 3 154 3507 142 695 245 156 12
0 0 0 0 0 0 0 0 0 0 0 0 0 0 0 0 0 0 0 0 0 0 0 0 0 0 0 0 0 0 0 0 0 0 0 0 0 0 0 0 0 0 0 0 0 0 0 0 0 0 0 0 0 0 0 0 0 0 0 0 0 0 0 0 0 0 0 0 0 0 0 0 0 0 0 0 0 0 0 0 0 0 0 1 192 64 3275 34 61 1 90 4 23 3276 27 46 48 3277 1 1193
0 0 0 0 0 0 0 0 0 0 0 0 0 0 0 0 0 0 0 0 0 0 0 0 0 0 0 0 0 0 0 0 0 0 0 0 0 0 0 0 0 0 0 0 0 0 0 0 0 0 0 0 0 0 0 0 0 0 0 0 0 0 0 0 0 0 0 0 0 0 0 0 0 0 0 0 0 0 0 0 0 0 0 0 0 0 0 0 0 0 0 0 0 0 0 0 0 464 172 163
0 0 0 0 0 0 0 0 0 0 0 0 0 0 0 0 0 0 0 0 0 0 0 0 0 0 0 0 0 0 0 0 0 0 0 0 0 0 0 0 0 0 0 0 0 0 0 0 0 0 0 0 0 0 0 0 0 0 0 0 0 0 0 0 0 0 0 0 0 0 0 0 0 0 0 0 0 1 228 79 293 911 2 11 20 1367 932 140 916 2 189 4540 109 40 39 100 551 10 5 388
0 0 0 0 0 0 0 0 0 0 0 0 0 0 0 0 0 0 0 0 0 0 0 0 0 0 0 0 0 0 0 0 0 0 0 0 0 0 0 0 0 0 0 0 0 0 0 0 0 0 0 0 0 0 0 0 0 0 0 0 0 0 0 0 0 0 0 0 0 0 0 0 0 0 0 0 0 0 0 0 0 0 0 0 0 0 0 0 0 0 0 0 0 0 0 0 2878 1 471 657
0 0 0 0 0 0 0 0 0 0 0 0 0 0 0 0 0 0 0 0 0 0 0 0 0 0 0 0 0 0 0 0 0 0 0 0 0 0 0 0 0 0 0 0 0 0 0 0 0 0 0 0 0 0 0 0 0 0 0 0 0 0 0 0 0 0 0 0 0 0 0 0 0 0 0 0 0 0 0 0 0 0 0 0 0 0 0 0 0 0 0 0 0 0 0 0 0 0 108 1160
0 0 0 0 0 0 0 0 0 0 0 0 0 0 0 0 0 0 0 0 0 0 0 0 0 0 0 0 0 0 0 0 0 0 0 0 0 0 0 0 0 0 0 0 0 0 0 0 0 0 0 0 0 0 0 0 0 0 0 0 0 0 0 0 0 0 0 0 0 0 0 0 0 0 0 0 0 0 0 0 0 0 0 0 0 0 0 0 0 0 0 0 0 59 44 10 780 6 249 272
0 0 0 0 0 0 0 0 0 0 0 0 0 0 0 0 0 0 0 0 0 0 0 0 0 0 0 0 0 0 0 0 0 0 0 0 0 0 0 0 0 0 0 0 0 0 0 0 0 0 0 0 0 0 0 0 0 1 110 4823 8 331 10 34 95 102 954 178 949 67 1057 212 1129 67 257 4824 386 5 4825 10 520 1765 46 937 133 1 4826 556 213 10 78 28 10 520 1206 26 1 200 10 150
0 0 0 0 0 0 0 0 0 0 0 0 0 0 0 0 0 0 0 0 0 0 0 0 0 0 0 0 0 0 0 0 0 0 0 0 0 0 0 0 0 0 0 0 0 0 0 0 0 0 0 0 0 0 0 0 0 0 0 0 0 0 0 0 0 0 0 0 0 0 0 0 0 0 0 0 0 0 0 0 0 0 0 0 0 0 0 0 0 0 0 0 0 0 0 3414 5 166 804 3415
18 207 497 6 1120 253 1121 1 2933 2934 2935 45 38 47 1620 22 1 75 27 1621 2 1 1122 2936 2 265 1106 1587 3 45 256 2 1 1622 2 2937 3 1 401 2 2938 1123 1116 8 1530 1623 2939 1624 1 223 234 39 34 1124 4 81 810 9 2940 378 3 1125 42 379 2 2941 2942 799 8 498 9 2943 1625 3 1491 3 8 658 45 1031 29 297 23 1044 9 19 1626 3 2944 19 207 863 32 1 166 1627 98 2 1126 155
0 0 0 0 0 0 0 0 0 0 0 0 0 0 0 0 0 0 0 0 0 0 0 0 0 0 0 0 0 0 0 0 0 0 0 0 0 0 0 0 0 0 0 0 0 0 0 0 0 0 0 0 0 0 0 0 0 0 0 0 0 0 0 0 0 0 0 0 0 0 0 0 0 0 0 0 0 0 0 0 0 0 0 0 0 0 0 0 0 0 0 0 0 0 0 22 1 504 74 216
0 0 0 0 0 0 0 0 0 0 0 0 0 0 0 0 0 0 0 0 0 0 0 0 0 0 0 0 0 0 0 0 0 0 0 0 0 0 0 0 0 0 0 0 0 0 0 0 0 0 0 0 0 0 0 0 0 0 0 0 0 0 0 0 0 0 0 0 0 0 0 0 0 0 0 0 0 0 0 0 0 0 0 0 0 0 0 0 0 0 0 0 0 0 0 0 0 0 1016 2214
0 0 0 0 0 0 0 0 0 0 0 0 0 0 0 0 0 0 0 0 0 0 0 0 0 0 0 0 0 0 0 0 0 0 0 0 0 0 0 0 0 0 0 0 0 0 0 0 0 0 0 0 0 0 0 0 0 0 0 0 0 0 0 0 0 0 0 0 0 0 0 0 0 0 0 0 0 0 0 0 0 0 0 0 0 0 0 0 0 0 0 0 0 0 0 0 0 0 1016 2213
0 0 0 0 0 0 0 0 0 0 0 0 0 0 0 0 0 0 0 0 0 0 0 0 0 0 0 0 0 0 0 0 0 0 0 0 0 0 0 0 0 0 0 0 0 0 0 0 0 0 0 0 0 0 0 0 0 0 0 0 0 0 0 0 0 0 0 0 0 0 0 0 0 0 0 0 0 0 0 0 0 0 0 0 0 0 0 0 0 0 0 1 2798 2 2799 2800 1585 2 411 651
325 31 536 1077 414 18 119 336 13 31 3 168 2725 4 2726 31 3 7 9 141 2727 57 7 187 11 8 1097 18 61 319 1 217 2 1 2728 673 2 338 19 5 2729 418 108 7 9 674 4 840 5 1048 2730 2 8 2731 414 2732 1 675 2 1 1529 4 1 210 2 2733 841 2734 559 3 2 8 117 1563 6 17 2735 20 1 2736 2 1021 30 1098 2737 6 8 117 1564 2 1 2738 542 107 3 11 141 1065 111 480
0 0 0 0 0 0 0 0 0 0 0 0 0 0 0 0 0 0 0 0 0 0 0 0 0 0 0 0 0 0 0 0 0 0 0 0 0 0 0 0 0 0 0 0 0 0 0 0 0 0 0 0 0 0 0 0 0 0 0 0 0 0 0 0 0 0 0 0 0 0 0 0 0 0 0 0 0 0 0 0 0 0 0 0 0 0 0 0 0 0 0 0 0 62 1 4430 44 10 28 439
0 0 0 0 0 0 0 0 0 0 0 0 0 0 0 0 0 0 0 0 0 0 0 0 0 0 0 0 0 0 0 0 0 0 0 0 0 0 0 0 0 0 0 0 0 0 0 0 0 0 0 0 0 0 0 0 0 0 0 0 0 0 0 0 0 0 0 0 0 0 0 0 0 0 0 0 0 0 0 0 0 0 0 0 0 0 0 0 0 0 0 0 0 0 0 0 0 813 74 814
0 0 0 0 0 0 0 0 0 0 0 0 0 0 0 0 0 0 0 0 0 0 0 0 0 0 0 0 0 0 0 0 0 0 0 0 0 0 0 0 0 0 0 0 0 0 0 0 0 0 0 0 0 0 0 0 0 0 0 0 0 0 311 514 8 217 4086 82 1 1661 684 14 7 936 4087 39 201 92 279 698 1926 19 968 19 1 4088 2 4089 1921 135 570 77 184 1 1956 2 81 117 588 14
0 0 0 0 0 0 0 0 0 0 0 0 0 0 0 0 0 0 0 0 0 0 0 0 0 0 0 0 0 0 0 0 0 0 0 0 0 0 0 0 0 0 0 0 0 0 0 0 0 0 0 0 0 0 0 0 0 0 0 0 0 0 0 0 0 0 0 0 0 0 0 0 0 0 0 0 0 0 0 0 0 0 0 0 0 0 0 0 0 0 0 0 0 0 0 2816 2817 5 847 2818
0 0 0 0 0 0 0 0 0 0 0 0 0 0 0 0 0 0 0 0 0 0 0 0 0 0 0 0 0 0 0 0 0 0 0 0 0 0 0 0 0 0 0 0 0 0 0 0 0 0 0 0 0 0 0 0 0 0 0 0 0 0 0 0 0 0 0 0 0 0 0 0 0 0 0 0 0 0 0 0 0 0 0 0 0 0 1468 1604 12 1095 11 1110 30 197 96 84 1605 6 241 341
0 0 0 0 0 0 0 0 0 0 0 0 0 0 0 0 0 0 0 0 0 0 0 0 0 0 0 0 0 0 0 0 0 0 0 0 0 0 0 0 0 0 0 0 0 0 0 0 0 0 0 0 0 0 0 0 0 0 0 0 0 0 0 0 0 0 0 0 0 0 0 0 0 0 0 0 0 0 0 0 0 0 0 0 0 0 0 0 0 0 0 0 0 0 0 0 0 0 0 1016
0 0 0 0 0 0 0 0 0 0 0 0 0 0 0 0 0 0 0 0 0 0 0 0 0 0 0 0 0 0 0 0 0 0 0 0 0 0 0 0 0 0 0 0 0 0 0 0 0 0 0 0 0 0 0 0 0 0 0 0 0 0 0 0 0 0 0 0 0 0 0 0 0 0 0 0 0 0 0 0 0 0 0 0 0 0 0 0 0 0 89 148 10 11 1 264 2 335 545 49
19 818 17 295 1494 39 34 61 2507 4 1495 46 68 236 2508 45 25 659 12 371 23 413 92 6 2509 2510 2511 16 1 782 25 2512 2513 16 190 117 1496 3 1497 2514 4 158 2 1498 635 12 150 23 2515 11 1070 17 1071 21 1028 38 296 93 254 25 790 53 3 71 639 167 1499 21 1500 2516 12 30 405 11 25 2517 2518 29 95 1501 20 164 2519 13 1 153 6 2520 4 1 290 2 366 37 1 2521 1502 2 2522 225
0 0 0 0 0 0 0 0 0 0 0 0 0 0 0 0 0 0 0 0 0 0 0 0 0 0 0 0 0 0 0 0 0 0 0 0 0 0 0 0 0 0 0 0 0 0 0 0 0 0 0 0 0 0 0 0 0 0 0 0 0 0 0 0 0 0 0 0 0 0 0 0 0 0 0 0 0 0 0 0 0 0 0 0 0 0 0 0 0 0 0 0 0 10 353 1 4503 237 5 1340
0 0 0 0 0 0 0 0 0 0 0 0 0 0 0 0 0 0 0 0 0 0 0 0 0 0 0 0 0 0 0 0 0 0 0 0 0 0 0 0 0 0 0 0 0 0 0 0 0 0 0 0 0 0 0 0 0 0 0 0 0 0 66 132 584 54 29 4930 21 4931 21 4932 1 172 36 33 60 163 129 32 24 56 21 46 1730 4933 5 465 2 24 56 21 46 68 56 528 13 36 33 60
0 0 0 0 0 0 0 0 0 0 0 0 0 0 0 0 0 0 0 0 0 0 0 0 0 0 0 0 0 0 0 0 0 0 0 0 0 0 0 0 0 0 0 0 0 0 0 0 0 0 0 0 0 0 0 0 0 0 0 0 0 0 0 0 0 0 0 0 0 0 0 0 0 1 2523 1071 3 1028 38 296 93 254 6 1 2524 2 414 191 3 25 1503 790 31 3 8 639 167 1499 21 1500
0 0 0 0 0 0 0 0 0 0 0 0 0 0 0 0 0 0 0 0 0 0 0 0 0 0 0 0 0 0 0 0 0 0 0 0 0 0 0 0 0 0 0 0 0 0 0 0 0 0 0 0 0 0 0 0 0 0 0 0 0 0 0 0 0 0 0 0 0 0 0 0 35 377 17 50 2 1 273 3 453 260 186 380 1 1272 1273 3 1 80 1297 455 634 50 108 1 3890 168 4 23
0 0 0 0 0 0 0 0 0 0 0 0 0 0 0 0 0 0 0 0 0 0 0 0 0 0 0 0 0 0 0 1 111 52 635 1107 3201 3202 178 31 6 696 344 13 3203 1130 350 5 3204 2 846 1720 6 45 195 1721 9 3205 27 5 3206 2 3207 3208 1 295 3209 27 5 1722 1144 2 427 1723 2 676 3210 3211 12 9 1 3212 3 3213 3214 418 2 5 784 635 190 265 18 29 16 5 131 75 3215 3216
0 0 0 0 0 0 0 0 0 0 0 0 0 0 0 0 0 0 0 0 0 0 0 0 0 0 0 0 0 0 0 0 0 0 0 0 0 0 0 0 0 0 0 0 0 0 0 0 0 0 0 0 0 0 0 0 0 0 0 0 0 0 0 0 0 0 0 0 0 0 0 0 0 0 0 0 0 0 0 0 0 0 0 0 0 0 0 0 0 0 0 0 0 2857 74 2858 402 1585 22 669
0 0 0 0 0 0 0 0 0 0 0 0 0 0 0 0 0 0 0 0 0 0 0 0 0 0 0 0 218 136 61 43 4 660 11 6 24 416 19 424 6 8 646 627 316 136 1060 2783 5 677 2 1579 16 1 678 2 414 191 4 335 136 61 2784 662 2 845 22 846 1089 27 96 84 48 2785 2786 3 7 136 123 2787 8 141 2788 475 2 2789 1579 3 1580 6 116 5 118 19 4 173 409 2790 1 68
19 7 3157 4 175 31 6 3158 11 8 193 9 671 835 11 7 9 5 3159 22 1 532 3 9 69 1693 32 1 1146 808 1694 108 7 18 18 42 3160 13 8 3161 1066 11 25 3162 41 1181 27 17 3163 3164 83 29 839 11 7 18 3165 107 16 3166 3167 27 1706 236 3168 3 1707 11 7 3169 4 1708 8 3170 32 1 3171 265 3172 62 3173 31 4 3174 107 50 13 573 3 4 201 3175 45 9 1098 1036 4 37 8 3176
0 0 0 0 0 0 0 0 0 0 0 0 0 0 0 0 0 0 0 0 0 0 0 0 0 0 0 0 0 0 0 0 0 0 0 0 0 0 0 0 0 0 0 0 0 0 0 0 0 0 0 0 0 0 0 0 0 0 0 0 0 0 0 0 0 0 0 0 0 0 0 0 0 0 0 0 0 0 0 0 0 0 0 0 0 0 0 0 0 0 0 0 0 0 0 0 1 153 2 1068
0 0 0 0 0 0 0 0 0 0 0 0 0 0 0 0 0 0 0 0 0 0 0 0 0 0 0 0 0 0 0 0 0 0 0 0 0 0 0 0 0 0 0 0 0 0 0 0 0 0 0 0 0 0 0 0 0 0 0 0 0 0 0 0 0 0 0 0 0 0 0 0 0 0 0 0 0 0 0 0 0 0 0 0 0 0 0 0 0 0 529 225 397 65 1 36 33 284 285 162
0 0 0 0 0 0 0 0 0 0 0 0 0 0 0 0 0 0 0 0 0 0 0 0 0 0 0 0 0 0 0 0 0 0 0 0 0 0 0 0 0 0 0 0 0 0 0 0 0 0 0 0 0 0 0 0 0 0 0 13 5 3939 1 158 3940 51 922 186 356 1823 3 3941 1601 682 71 1956 1834 6 71 331 13 3942 2 3943 3 3944 1 842 270 4 3945 103 53 157 151 97 1742 26 17 951
0 0 0 0 0 0 0 0 0 0 0 0 0 0 0 0 0 0 0 0 0 0 0 0 0 0 0 0 0 0 0 0 0 0 0 0 0 0 0 0 0 0 0 0 0 0 0 0 0 0 0 0 0 0 0 0 0 0 0 0 0 0 0 0 0 0 0 0 0 0 0 0 0 0 0 0 0 0 3990 14 1971 157 945 357 79 34 68 422 26 71 518 35 276 41 75 69 16 718 448 14
0 0 0 0 0 0 0 0 0 0 0 0 0 0 0 0 0 0 0 0 0 0 0 0 0 0 0 0 0 0 0 0 0 0 0 0 0 0 0 0 0 0 0 0 0 0 0 0 0 0 0 0 0 0 0 0 0 0 0 0 0 0 0 0 0 0 0 0 0 0 0 0 0 0 0 0 0 0 0 0 0 0 0 0 0 0 0 0 0 0 0 0 0 0 0 631 15 2892 414 191
5 524 6 1 510 16 10 78 241 751 4 241 312 1 90 2051 62 4809 59 39 188 54 13 5 4810 2151 7 213 77 1358 3 4811 576 20 7 213 77 4812 99 54 39 993 31 407 8 4813 351 4814 8 750 54 39 2102 690 523 1356 407 39 34 5 96 4815 4816 84 8 76 176 1262 2013 26 887 407 10 213 77 5 282 6 1 487 12 686 255 1 118 10 124 12 64 197 207 238 396 67 113 78 396 67 80 282
0 0 0 0 0 0 0 0 0 0 0 0 0 0 0 0 0 0 0 0 0 0 0 0 0 0 0 0 0 0 0 0 0 0 0 0 0 0 0 0 0 0 0 0 0 0 0 0 0 0 0 0 0 1366 28 124 47 385 59 35 38 1577 12 69 313 2090 1157 18 310 27 232 1479 1 4534 26 144 150 34 1043 4535 607 40 25 38 1968 4 4536 478 13 5 300 1237 2091 2 4537 28 1124 107 1796 4538
0 0 0 0 0 0 0 0 0 0 0 0 0 0 0 0 0 0 0 0 0 0 0 0 0 0 0 0 0 0 0 0 0 0 0 0 0 0 0 0 0 0 0 0 0 0 0 0 0 0 0 0 0 0 0 0 0 0 0 0 0 0 0 0 0 0 0 0 0 0 0 0 0 0 0 0 0 0 0 0 0 0 0 10 620 13 37 68 129 2 24 182 16 761 619 2 36 33 60 87
0 0 0 0 0 0 0 0 0 0 0 0 0 0 0 0 0 0 0 0 0 0 0 0 0 0 0 0 0 0 0 0 0 0 0 0 0 0 0 0 0 0 0 0 0 0 0 0 0 0 0 0 0 0 0 0 0 0 0 0 0 0 0 0 0 0 0 0 0 0 0 0 0 0 0 0 0 0 0 0 0 0 0 0 0 0 0 0 0 0 0 0 0 0 0 2888 325 19 5 266
0 0 0 0 0 0 0 0 0 0 0 0 0 0 0 0 0 0 0 0 0 0 0 0 0 0 0 0 0 0 0 0 0 0 0 0 0 0 0 0 0 0 0 0 0 0 0 0 0 0 0 0 0 0 0 0 0 0 0 0 0 0 0 0 0 0 0 0 0 0 0 161 72 14 1 589 52 511 140 4061 663 722 441 19 10 38 1042 3 47 54 15 83 10 207 1302 13 1 1987 73 14
229 12 146 95 23 168 26 21 528 6 46 118 13 42 114 56 27 292 62 358 4 23 553 27 1 129 2 24 182 49 44 5 268 422 11 10 100 54 13 115 36 33 60 114 87 164 167 1381 13 1 172 129 2 24 182 109 314 66 737 596 49 44 5 1814 2 422 10 100 54 13 36 33 60 114 87 40 10 570 1 129 2 24 182 3 743 4912 761 1384 361 4 36 33 60 114 87 109 314 66 132 596
0 0 0 0 0 0 0 0 0 0 0 0 0 0 0 0 0 0 0 0 0 0 0 0 0 0 0 0 0 0 0 0 0 0 0 0 0 0 0 0 0 0 0 0 0 0 0 0 0 0 0 0 0 0 0 0 0 0 0 0 0 0 0 0 0 0 0 0 0 0 0 0 0 0 0 0 0 0 0 0 0 0 0 0 0 0 0 0 0 41 1929 301 961 78 1 561 4257 1 2025 1129
0 0 0 0 0 0 0 0 0 0 0 0 0 0 0 0 0 0 0 0 0 0 0 0 0 0 0 0 0 0 0 0 0 0 0 0 0 0 0 0 0 0 0 0 0 0 0 0 0 0 0 0 0 0 0 0 0 0 0 0 0 0 0 0 0 0 0 0 0 3865 7 353 1 3866 14 25 180 3867 15 9 5 209 15 168 4 258 1938 20 12 809 1939 99 3868 3869 4 543 46 336 69 14
0 0 0 0 0 0 0 0 0 0 0 0 0 0 0 0 0 0 0 0 0 0 0 0 0 0 0 0 0 0 0 0 0 0 0 0 0 0 0 0 0 0 0 0 0 0 0 0 0 0 0 0 0 0 0 0 0 0 0 0 0 0 0 0 0 0 32 67 90 274 78 28 15 351 434 22 11 1323 673 6 1 955 3 597 1847 12 4581 5 4582 80 282 10 1128 20 11 521 37 10 213 77
0 0 0 0 0 0 0 0 0 0 0 0 0 0 0 0 0 0 0 0 0 0 0 0 0 0 0 0 0 0 0 0 0 0 0 0 32 5 1967 104 7 149 1 519 673 174 5 4332 572 27 1 347 186 211 1 260 4333 2 5 2051 983 143 13 190 4334 4335 514 1991 156 1 487 6 1 4336 1 2021 4337 2 5 1342 8 1784 4338 505 4 4339 1 2052 4340 2 1 144 305 282 1 1671 18 1550 12 11
0 0 0 0 0 0 0 0 0 0 0 0 0 0 0 0 0 0 0 0 0 0 0 0 0 0 0 0 0 0 0 0 0 0 0 0 0 0 0 0 0 0 0 0 0 0 0 0 0 0 0 0 0 0 0 0 0 0 0 0 0 0 0 0 0 0 0 0 0 0 0 0 0 0 0 0 0 0 0 0 0 0 0 0 0 0 0 0 0 66 132 1387 10 34 1162 37 2173 4 36 33
0 0 0 0 0 0 0 0 0 0 0 0 0 0 0 0 0 0 0 0 0 0 0 0 0 0 0 0 0 0 0 0 0 0 0 0 0 0 0 0 0 0 0 0 0 0 0 0 0 0 0 0 0 0 0 0 0 0 0 0 0 0 0 0 0 0 0 0 0 0 0 0 0 28 9 243 1 228 18 41 215 470 6 973 2 5 4185 103 37 59 18 35 482 65 130 97 59 18 7 482
0 0 0 0 0 0 0 0 0 0 0 0 0 0 0 0 0 0 0 0 0 0 0 0 0 0 0 0 0 0 0 0 0 0 0 0 0 0 0 0 0 66 132 66 1 323 2176 13 892 1388 4 21 68 1069 361 4 1 172 36 33 60 163 150 839 2177 1296 46 221 2 5 36 33 60 56 46 56 26 45 1 999 36 33 1095 21 13 45 1 999 36 33 30 528 30 4922 4923 4924 4925 2178 21 583
0 0 0 0 0 0 0 0 0 0 0 0 0 0 0 0 0 0 0 0 0 0 0 0 0 0 0 0 0 0 0 0 0 0 0 0 0 0 0 0 0 0 0 0 0 0 0 0 0 0 0 0 0 0 0 0 0 0 0 0 0 0 0 0 0 0 0 0 0 0 0 0 0 0 0 0 0 0 0 0 0 0 0 0 0 0 0 0 0 0 0 0 0 1735 5 3412 13 1 327 3413
0 0 0 0 0 0 0 0 0 0 0 0 0 0 0 0 0 0 0 0 0 0 0 0 0 0 0 0 0 0 0 0 0 0 0 0 0 0 0 0 0 0 0 0 0 0 0 0 0 0 0 0 0 0 0 0 0 0 0 0 0 0 0 0 0 0 66 132 903 54 29 383 5 460 16 361 4 4947 755 1386 997 21 526 46 36 33 60 87 1387 10 620 13 314 66 132 704 21 66 132 904
0 0 0 0 0 0 0 0 0 0 0 0 0 0 0 0 0 0 0 0 0 0 0 0 0 0 0 0 0 0 0 0 0 0 0 0 0 0 0 0 0 0 0 0 0 0 0 0 0 0 0 0 0 0 0 0 0 0 0 0 0 0 0 0 0 0 0 0 0 0 0 0 0 0 0 0 0 0 0 0 0 0 0 0 0 0 0 0 0 0 0 0 0 0 0 0 0 0 0 2217
0 0 0 0 0 0 0 0 0 0 0 0 0 0 0 0 0 0 0 0 0 0 0 0 0 0 0 0 0 0 0 0 0 0 0 0 0 0 0 0 0 0 0 0 0 0 0 0 0 0 0 0 0 0 0 0 0 0 0 0 0 0 0 0 0 0 0 0 0 0 0 0 0 0 0 0 0 0 0 0 0 0 0 0 0 0 0 0 0 0 0 0 0 0 1 126 343 3 171 474
0 0 0 0 0 0 0 0 0 0 0 0 0 0 0 0 0 0 0 0 0 0 0 0 0 0 0 0 0 0 0 0 0 0 0 0 0 0 0 0 0 0 0 0 0 0 0 0 0 0 0 0 0 0 0 0 0 0 0 0 0 0 0 0 0 0 0 0 0 0 0 0 0 0 0 0 0 0 0 0 0 0 0 0 0 0 0 0 0 0 0 0 0 0 0 0 1 1056 411 651
0 0 0 0 0 0 0 0 0 0 0 0 0 0 0 0 0 0 0 0 0 0 0 0 0 0 0 0 0 0 0 0 0 0 0 0 0 0 0 0 0 0 0 0 0 0 0 0 0 0 0 0 0 0 0 567 370 1164 54 10 148 120 13 70 301 160 11 118 3 22 566 370 683 381 660 10 89 10 150 137 19 15 9 1165 15 262 5 633 15 262 1693 32 1 1146 808 1694 3 85 193 30
0 0 0 0 0 0 0 0 0 0 0 0 0 0 0 0 0 0 0 0 0 0 0 66 315 703 139 128 54 29 2106 5008 2 405 2196 1402 21 1 5009 21 1403 2 405 5010 2 1008 40 46 1399 21 1403 261 269 6 24 182 5011 1 374 2 1 763 1393 4 24 182 1 182 833 23 5012 4 173 1 5013 1399 21 1403 2197 27 1 1393 763 374 1 5014 21 5015 2 46 5016 2 24 182 833 29 5017 1 1757 5018
0 0 0 0 0 0 0 0 0 0 0 0 0 0 0 0 0 0 0 0 0 0 0 0 0 0 0 0 0 0 0 0 0 0 0 0 0 0 0 0 0 0 0 0 0 0 0 0 0 0 0 0 0 0 0 0 0 0 0 0 0 0 0 0 0 0 0 0 0 0 0 0 0 0 0 0 0 0 0 0 0 0 0 1859 121 58 260 3 1253 123 928 63 254 602 3 1254 14 7 3595 3596
0 0 0 0 0 0 0 0 0 0 0 0 0 0 0 0 0 0 0 0 0 0 0 0 0 0 0 0 0 0 0 0 0 0 0 0 0 0 0 0 0 0 0 0 0 0 0 0 0 0 0 0 0 0 0 0 0 0 0 0 0 0 0 0 0 0 0 0 0 0 0 0 0 0 0 0 0 0 0 0 0 0 0 0 0 0 0 0 0 0 0 0 704 3406 27 5 3407 3408 52 3409
0 0 0 0 0 0 0 0 0 0 0 0 0 0 0 0 0 0 0 0 0 0 0 0 0 0 0 0 0 0 0 0 0 0 0 0 0 0 0 0 0 0 0 0 0 0 0 0 0 0 0 0 0 0 0 0 0 0 0 0 0 0 0 0 0 0 0 0 0 0 0 0 0 0 0 0 0 0 0 0 0 0 0 0 0 0 0 0 0 0 0 0 0 0 0 5 2854 22 1 340
0 0 0 0 0 0 0 0 0 0 0 0 0 0 0 0 0 0 0 0 0 0 0 0 0 0 0 0 0 0 0 0 0 0 0 0 0 0 0 0 0 0 0 0 0 0 0 0 0 0 0 0 0 0 0 0 0 0 0 0 0 0 0 0 0 0 0 0 0 0 0 0 0 0 0 0 0 0 0 0 0 0 0 0 0 0 0 0 0 0 0 0 0 0 0 0 0 0 782 1104
0 0 0 0 0 0 0 0 0 0 0 0 0 0 0 0 0 0 0 0 0 0 0 0 0 0 0 0 0 0 0 0 0 0 0 0 0 0 0 0 0 0 0 0 0 0 0 0 0 0 0 0 0 0 0 0 0 0 0 0 0 0 0 0 0 0 0 0 0 0 0 0 0 0 0 0 0 0 0 0 0 0 0 0 0 0 0 0 0 0 0 0 0 0 0 0 0 0 1014 773
0 0 0 0 0 0 0 0 0 0 0 0 0 0 0 0 0 0 0 0 0 0 0 0 0 0 0 0 0 0 0 0 0 0 0 0 0 0 0 0 0 0 0 0 0 0 0 0 0 0 0 0 0 94 557 3729 26 1 1898 1280 11 891 1 166 267 3730 308 1255 99 3731 55 58 18 3732 11 1281 47 1807 25 9 135 437 4 332 51 13 53 47 19 1282 25 726 724 20 494 17 125 6 17 410
0 0 0 0 0 0 0 0 0 0 0 0 0 0 0 0 0 0 0 0 0 0 0 0 0 0 0 0 0 0 0 0 0 0 0 0 0 0 0 0 0 0 0 0 0 0 0 0 0 0 0 0 0 0 0 0 0 0 0 0 0 0 0 0 0 0 0 0 0 0 0 0 0 0 0 0 0 0 0 0 0 0 0 0 0 0 0 0 0 0 0 0 0 0 0 0 0 0 90 1015
383 16 42 127 606 27 323 1 129 2 1 229 163 459 1379 1380 16 133 2 1 36 33 229 40 10 54 29 383 454 16 527 2 24 127 1381 13 1 229 163 30 141 2107 10 146 133 24 127 16 539 46 644 116 19 2119 2 1382 87 4904 4905 3 613 36 33 760 146 23 1419 3 2165 3 436 104 10 146 54 4906 454 6 1 145 128 13 760 29 582 27 288 231 147 374 2166 30 1080 4 1 229 163 4907 4908 2166
0 0 0 0 0 0 0 0 0 0 0 0 0 0 0 0 0 0 0 0 0 0 0 0 0 0 0 0 0 0 0 0 0 0 0 0 0 0 0 0 0 0 0 0 0 0 0 0 0 0 0 0 0 0 0 0 0 0 0 0 0 0 0 0 0 0 0 0 0 0 0 0 0 0 0 0 0 0 0 0 0 0 0 0 0 0 0 0 0 0 0 0 0 0 0 0 2887 325 19 643
0 0 0 0 0 0 0 0 0 0 0 0 0 0 0 0 0 0 0 0 0 0 0 0 0 0 0 0 0 0 0 0 0 0 0 0 0 0 0 0 0 0 0 0 0 0 0 0 0 0 0 0 0 0 0 0 0 0 0 0 0 0 0 0 0 0 0 0 0 0 0 0 0 0 0 0 0 0 1249 4062 969 14 43 311 943 2 1 196 382 1882 310 1980 53 676 4063 738 48 188 148 14
0 0 0 0 0 0 0 0 0 0 0 0 0 0 0 0 0 0 0 0 0 0 0 0 0 0 0 0 0 0 0 0 0 0 0 0 0 0 0 0 0 0 0 0 0 0 0 0 0 0 0 0 0 0 0 0 0 0 0 0 0 0 0 0 0 0 0 0 0 0 0 0 0 37 1689 3384 41 465 2 24 416 6 3385 2 443 345 372 146 23 3386 6 46 341 167 509 6 652 32 1 1406
429 35 18 239 267 1155 3080 4 3081 1 566 1650 369 567 74 849 1649 566 370 683 3 1 3082 20 35 500 26 27 1 1610 1611 3 139 224 345 1158 536 688 73 5 3083 126 6 5 3084 6 1 502 492 45 9 241 3085 126 16 1 3086 133 1 425 1140 22 1 166 126 45 9 343 27 1 3087 1 102 1685 103 3088 71 383 13 1 1484 795 797 4 1 340 3 81 375 187 107 493 16 1 406 75 435 5 869 126
35 3837 93 1 1186 20 157 18 276 49 1932 2 53 25 151 22 1 1933 2 1 3838 203 3 3839 3 3840 324 19 40 25 38 650 4 137 4 562 26 5 680 240 17 1624 1437 164 4 1190 3841 3 5 3842 3843 13 3844 3845 25 18 5 890 924 6 48 210 3 17 951 45 25 560 20 3846 168 6 1 68 25 343 17 333 4 547 4 53 20 9 1934 27 5 957 3847 26 1 392 126 3 5 1293 121 591 16 611
1 3602 2 77 3 7 931 1861 96 84 5 259 246 368 515 23 1185 3 1862 13 592 3 113 3 39 713 23 437 4 670 50 103 219 82 24 3 717 27 1 247 3 1863 16 1 442 515 34 4 932 6 3 3603 3604 3 1864 1865 3 109 11 1 3605 44 3606 3 1 579 261 16 933 1866 120 26 77 37 47 368 69 14 25 112 22 122 3607 1867 34 48 192 254 179 48 179 4 23 111 73 39 3608 99 91 14
0 0 0 0 0 0 0 0 0 0 0 0 0 0 0 0 0 0 0 0 0 0 0 0 0 0 0 0 0 0 0 0 0 0 0 0 0 0 0 0 0 0 0 0 0 0 0 0 0 0 0 0 0 0 0 0 0 0 0 0 0 0 0 0 0 0 0 0 0 0 0 0 0 0 0 0 0 0 0 0 0 0 0 0 10 334 301 2103 16 28 4583 156 1 1197 4584 6 1 1368 16 24
0 0 0 0 0 0 0 0 0 0 0 0 0 0 0 0 0 0 0 0 0 0 0 0 0 0 0 0 0 0 0 0 0 0 0 0 0 0 0 0 0 0 0 0 0 0 0 0 0 0 0 0 0 0 0 0 0 0 0 0 0 0 0 0 0 0 0 0 0 0 0 0 0 0 0 0 0 0 0 0 0 0 0 0 0 0 0 529 66 667 129 2 133 3 2168 36 33 60 114 87
0 0 0 0 0 0 0 0 0 0 0 0 0 0 0 0 0 0 0 0 0 0 0 0 0 0 0 0 0 0 0 0 0 0 0 0 0 0 0 0 0 0 0 0 0 0 0 0 0 0 0 0 0 0 0 0 0 0 0 0 0 0 0 0 0 0 0 0 0 0 0 0 0 0 0 0 0 0 0 0 0 0 0 0 0 0 0 0 0 0 0 0 0 0 0 0 0 2813 74 2814
0 0 0 0 0 0 0 0 0 0 0 0 0 0 0 0 0 0 0 0 0 0 0 0 0 0 0 0 0 0 0 0 0 0 0 0 0 0 0 0 0 0 0 28 149 5 1892 2 728 2063 6 1 4495 26 1 612 1093 101 18 61 4496 8 2083 16 5 131 75 28 1869 51 48 2 1 2082 661 12 9 5 465 2 5 416 22 649 1 4497 2 1982 9 655 20 1 295 4498 9 4499 167 507 21 255
0 0 0 0 0 0 0 0 0 0 0 0 0 0 0 0 0 0 0 0 0 0 0 0 0 0 0 0 0 0 0 0 0 0 0 0 0 0 0 0 0 0 0 0 0 0 0 0 0 0 0 0 0 0 0 0 0 0 0 0 0 0 0 0 0 0 0 0 101 1215 8 217 301 99 91 4 173 5 80 464 26 67 282 78 7 568 16 1 2124 210 3 19 131 19 85 1366 520 34 5 2099
0 0 0 0 0 0 0 0 0 0 0 0 0 0 0 0 0 0 0 0 0 0 0 0 0 0 0 0 0 0 0 0 0 0 0 0 0 0 0 0 0 0 0 0 0 0 0 0 0 0 0 0 0 0 0 0 0 0 0 0 0 0 0 0 0 0 0 0 0 0 0 0 0 0 0 0 0 0 0 0 0 25 174 4 122 3 17 121 1248 641 3 598 3566 49 23 5 442 14 25 180
0 0 0 0 0 0 0 0 0 0 0 0 0 0 0 0 0 0 0 0 0 0 0 0 0 0 0 0 0 0 0 0 0 0 0 0 0 0 0 0 0 0 0 0 0 0 0 0 0 0 0 0 0 0 0 0 0 0 0 0 0 0 0 0 0 0 0 0 0 0 0 0 0 0 0 0 0 0 0 0 0 0 0 0 0 0 0 0 0 0 0 0 0 0 0 0 0 0 631 15
0 0 0 0 0 0 0 0 0 0 0 0 0 0 0 0 0 0 0 0 0 0 0 0 0 0 0 0 0 0 0 0 0 0 0 0 0 0 0 0 0 0 0 0 0 0 0 0 0 0 0 0 0 0 0 0 0 0 0 0 1173 28 4705 6 8 125 7 9 4706 2129 5 4707 8 4708 18 1042 31 246 48 102 1377 85 876 224 267 154 1 126 2129 12 13 4709 82 5 1118 16 4710 45 12 9
0 0 0 0 0 0 0 0 0 0 0 0 0 0 0 0 0 0 0 0 0 0 0 0 0 0 0 0 0 0 0 0 0 0 0 0 0 0 0 0 0 0 0 0 0 0 0 0 0 0 0 0 0 0 0 0 0 0 0 0 0 0 0 0 0 0 0 0 0 0 0 0 0 0 0 0 0 0 0 0 0 0 0 0 0 0 0 0 0 0 0 0 0 0 0 0 0 0 577 240
0 0 0 0 0 0 0 0 0 0 0 0 0 0 0 0 0 0 0 0 0 0 0 0 0 0 0 0 0 0 0 0 0 0 0 0 0 0 0 0 0 0 0 0 0 0 0 0 0 0 0 0 0 0 0 0 0 0 0 3622 218 716 14 7 43 1831 48 96 179 515 23 111 515 254 602 3 1254 40 39 135 54 123 1258 433 90 3 1 888 2 10 602 3623 23 3624 24 728 910 934 169 14
1512 2553 41 48 9 483 1511 13 825 65 330 21 13 1 1039 2 1513 2554 2555 2556 257 2557 3 257 2558 19 191 9 7 135 826 4 2559 107 1 417 2560 63 29 34 1074 8 663 5 2561 2562 64 34 61 2563 4 8 2564 2565 1514 8 821 30 1 2566 2 1075 3 643 1434 2567 2568 827 13 1515 1516 2569 1517 2570 32 418 4 418 19 2571 2572 31 1 52 2573 107 2574 27 8 2575 3 2576 372 135 27 8 2577 21 2578 2579
0 0 0 0 0 0 0 0 0 0 0 0 0 0 0 0 0 0 0 0 0 0 0 0 0 0 0 0 0 0 0 0 0 0 0 0 0 0 0 0 0 0 0 0 0 0 0 0 0 0 0 0 0 0 0 0 0 0 0 0 0 0 0 0 0 0 0 0 0 0 0 0 0 0 0 0 0 0 0 0 0 0 0 0 0 0 0 0 0 0 0 0 0 0 0 0 0 0 0 16
0 0 0 0 0 0 0 0 0 0 0 0 0 0 0 0 0 0 0 0 0 0 0 0 0 0 0 0 0 0 0 0 0 0 0 0 0 0 0 0 0 0 0 0 0 0 0 0 0 0 0 0 0 0 0 0 0 0 0 0 0 0 0 0 0 0 0 0 0 0 0 0 0 0 0 0 0 0 0 0 0 0 0 0 1881 189 7 100 14 43 55 58 712 22 1 687 423 3671 17 1883
0 0 0 0 0 0 0 0 0 0 0 0 0 0 0 0 0 0 0 0 0 0 0 0 0 0 0 0 0 0 0 0 0 0 0 0 0 0 0 0 0 0 0 0 0 0 0 0 0 0 0 0 0 0 0 0 0 0 0 0 0 0 0 0 0 0 0 0 0 0 0 0 0 0 0 0 0 0 0 0 0 0 0 0 0 0 0 0 0 0 0 0 0 0 0 0 0 0 1010 461
0 0 0 0 0 0 0 0 0 0 0 0 0 0 0 0 0 0 0 0 0 0 0 0 0 0 0 0 0 0 0 0 0 0 0 0 0 0 0 0 0 0 0 0 0 0 0 0 0 0 0 0 0 0 0 0 0 0 0 0 0 0 0 0 0 0 0 0 0 0 0 0 0 0 0 0 0 0 0 0 0 1160 1690 70 3099 1 3100 223 20 15 262 5 384 6 24 236 272 2 335 3
0 0 0 0 0 0 0 0 0 0 0 0 0 0 0 0 0 0 0 0 0 0 0 0 0 0 0 0 0 0 0 0 0 0 0 0 0 0 0 0 0 0 0 0 0 0 0 0 0 0 0 0 0 0 0 0 0 0 0 0 0 0 0 0 0 0 0 0 0 0 0 0 0 0 0 0 0 0 0 0 0 0 0 0 0 0 0 0 0 0 0 0 0 0 0 0 0 3395 3396 3397
0 0 0 0 0 0 0 0 0 0 0 0 0 0 0 0 0 0 0 0 0 0 0 0 0 0 0 0 0 0 0 0 0 0 0 0 0 0 0 0 0 0 0 0 0 0 0 0 0 0 0 0 0 1 2487 3 2488 813 74 814 806 2 102 2489 2 366 1 1065 3 1487 20 2490 3 2491 328 74 1488 1066 2 48 3 796 2 224 44 655 646 656 13 234 316 136 2492 96 1067 6 320 2 8 87
0 0 0 0 0 0 0 0 0 0 0 0 0 0 0 0 0 0 0 0 0 0 0 0 0 0 0 0 0 0 0 0 0 0 0 0 0 0 0 0 0 0 0 0 0 0 0 0 0 0 0 0 0 0 0 0 0 0 0 0 0 0 0 0 0 0 0 0 0 0 0 0 0 0 0 0 0 0 0 0 0 0 0 0 0 0 0 0 0 0 0 0 0 0 411 1064 1 471 406 630
0 0 0 0 0 0 0 0 0 0 0 0 0 0 0 0 0 0 0 0 0 0 0 0 0 0 0 0 0 0 0 0 0 0 0 0 0 0 0 0 0 0 0 0 0 0 0 0 0 0 0 0 0 0 0 0 0 0 0 0 0 0 0 0 0 0 0 0 0 0 0 0 0 0 0 0 0 0 0 1243 150 23 5 273 3820 14 43 94 3821 23 5 143 6 336 1 355 3822 11 794 14
0 0 0 0 0 0 0 0 0 0 0 0 0 0 0 0 0 0 0 0 0 0 0 0 0 0 0 0 0 0 0 0 0 0 0 0 0 0 0 0 0 0 0 0 0 0 0 0 0 0 0 0 0 0 0 0 0 0 0 0 0 0 0 0 0 0 0 0 0 0 0 0 0 0 0 0 0 0 0 0 0 0 0 0 0 0 0 0 0 0 0 0 0 0 0 0 0 0 0 0
0 0 0 0 0 0 0 0 0 0 0 0 0 0 0 0 0 0 0 0 0 0 0 0 0 0 0 0 0 0 0 0 0 0 0 0 0 0 0 0 0 0 0 0 0 0 0 0 0 0 0 0 0 0 0 0 0 0 0 0 0 0 0 0 0 0 0 0 0 0 0 0 0 0 0 0 0 0 0 0 0 0 0 0 0 0 0 0 0 0 0 0 0 0 0 0 0 462 623 316
0 0 0 0 0 0 0 0 0 0 0 0 0 0 0 0 0 0 0 0 0 0 0 0 0 0 0 0 0 0 0 0 0 0 0 0 0 0 0 0 0 0 0 0 0 0 0 0 0 0 0 0 0 0 0 0 0 0 0 0 0 0 0 0 0 0 0 0 0 0 0 0 0 0 0 0 0 0 0 0 0 0 0 0 0 0 0 0 0 0 0 0 0 40 15 520 2032 2 85 359
0 0 0 0 0 0 0 0 0 0 0 0 0 0 0 0 0 0 0 0 0 0 0 0 0 0 0 0 0 0 0 0 0 0 0 0 0 0 0 0 0 0 0 7 2633 2634 19 42 2635 52 234 2636 1537 3 2637 487 2638 4 2639 555 238 7 54 24 13 46 1538 2640 8 1084 6 107 1085 1539 19 2641 3 7 2642 2643 11 7 9 184 1 1079 2644 2 5 2645 3 1517 556 62 2646 8 260 3 2647 2648
0 0 0 0 0 0 0 0 0 0 0 0 0 0 0 0 0 0 0 0 0 0 0 0 0 0 0 0 0 0 0 0 0 0 0 0 0 0 0 0 0 0 0 0 0 0 0 0 0 0 0 0 0 0 0 0 0 0 0 0 0 0 0 0 0 0 0 0 0 0 0 0 0 0 0 0 0 0 0 0 0 0 0 0 0 0 0 0 0 0 0 0 0 0 0 0 0 0 0 1566
0 0 0 0 0 0 0 0 0 0 0 0 0 0 0 0 0 0 0 0 0 0 0 0 0 0 0 0 0 0 0 0 0 0 0 0 0 0 0 0 0 0 0 0 0 0 0 0 0 0 0 0 0 0 0 0 0 0 0 0 0 0 0 0 0 0 0 0 0 0 0 0 0 0 0 0 0 0 0 0 0 0 0 0 0 0 0 101 18 187 1 1748 4877 2 4878 3 11 9 41 4879
0 0 0 0 0 0 0 0 0 0 0 0 0 0 0 0 0 0 0 0 0 0 0 0 0 0 0 0 0 0 0 0 0 0 0 0 0 0 0 0 0 0 0 0 0 0 0 0 0 0 0 0 0 0 0 36 33 60 760 44 5116 757 32 1505 2165 995 37 2 45 44 5117 19 29 582 27 147 6 1 288 231 1387 5 147 845 30 626 364 39 54 29 5118 332 760 6 762 13 46 1090 960 1015
0 0 0 0 0 0 0 0 0 0 0 0 0 0 103 5 214 330 7 188 23 452 4 107 35 1885 4 3680 104 94 83 29 1863 108 1 320 170 4 1183 3681 22 5 75 82 24 25 1268 138 5 3682 2 1241 1269 22 1 347 2 1 452 273 3 151 49 1886 4 1 642 19 12 3683 22 1 3684 3685 4 1 1270 2 1709 3 3686 1188 108 1 1821 38 685 1271 26 1 3687 2 5 143 1851 5 345 1158 304 3688
0 0 0 0 0 0 0 0 0 0 0 0 0 0 0 0 0 0 0 0 0 0 0 0 0 0 0 0 0 0 25 242 31 4 5 388 26 1 90 612 2 1 438 1 379 57 7 343 1 126 9 2062 1 172 442 138 1 4620 2109 106 42 4621 2052 868 2110 2 552 4622 26 1 4623 28 987 154 1 4624 2 8 274 914 8 908 9 4625 13 2111 1 480 174 4 137 3 7 735 17 564 1931 17 156 31
0 0 0 0 0 0 0 0 0 0 0 0 0 0 0 0 0 0 0 0 0 0 0 0 0 0 0 0 0 0 0 0 0 0 0 0 0 66 132 904 40 10 1788 4 383 5 460 21 618 5 36 33 60 114 56 21 1820 2 87 26 299 129 84 44 261 269 6 24 182 10 150 816 509 6 652 32 1 36 33 284 285 162 1 4965 2 1 36 33 60 229 759 1 162 19 261 269 6 529 225 596
4 148 1 131 2254 783 11 321 15 9 1 115 2255 778 62 207 322 105 5 1409 2256 18 61 1419 27 1 1420 1421 2 365 62 34 29 1422 4 137 138 1 2257 2 1 91 3 222 2258 1423 404 87 34 1424 1 2259 2 115 2260 2261 1423 62 468 4 34 61 2262 27 784 2263 1425 2264 4 42 2265 2266 2267 2 405 2268 105 1 637 2 1024 461 11 12 30 2269 4 1426 1 1427 2 5 153 62 136 61 638 95 102 1428
0 0 0 0 0 0 0 0 0 0 0 0 0 0 0 0 0 0 0 0 0 0 0 0 0 0 0 0 0 0 0 0 0 7 568 8 345 37 22 235 1274 32 1 934 3 349 895 156 17 156 17 94 449 2 1 260 186 6 705 62 18 135 497 31 73 916 7 349 4 17 307 1 1241 1269 307 1 347 2 1 452 273 6 5 214 7 18 212 8 348 65 17 3 1261 17 26 1 333 1261 17 844
0 0 0 0 0 0 0 0 0 0 0 0 0 0 0 0 0 0 0 0 0 0 0 0 0 0 0 0 0 0 0 0 0 0 0 0 0 0 0 0 0 0 0 0 0 0 0 0 0 0 0 0 0 0 0 0 0 0 0 0 0 0 0 0 0 0 0 0 0 0 0 0 0 0 0 0 0 0 0 0 0 0 0 0 0 0 0 0 0 0 0 0 0 0 0 1263 433 14 1019 94
0 0 0 0 0 0 0 0 0 0 0 0 0 0 0 0 0 0 0 0 0 0 0 0 1 68 707 112 108 7 695 140 1 3473 696 35 149 11 5 3474 2 3475 1220 891 1 295 1221 2 5 134 1801 913 1802 863 169 3 49 3 5 3476 591 1803 830 1 896 1804 3 203 3477 592 492 1 247 1 1805 62 18 296 1 1219 88 32 1 166 3478 1222 51 1 711 38 1806 65 12 69 685 1223 1807 16 1 179
0 0 0 0 0 0 0 0 0 0 0 0 0 0 0 0 0 0 0 0 0 0 0 0 0 0 0 0 0 0 0 0 0 0 0 0 0 0 0 0 0 0 0 0 0 0 0 0 0 0 0 0 0 0 0 3101 385 241 346 1 3102 30 424 3103 3 15 571 67 1690 302 5 384 236 19 10 34 256 70 62 10 44 386 95 1047 11 15 165 175 10 62 15 262 15 262 5 633 3 85 193 30
0 0 0 0 0 0 0 0 0 0 0 0 0 0 0 0 0 0 0 0 0 0 0 0 0 0 0 0 0 0 0 0 0 0 0 0 0 0 0 0 0 0 0 0 0 0 0 0 0 0 0 0 0 0 0 0 0 0 0 0 0 0 0 0 0 0 0 0 0 0 0 0 0 0 0 0 0 0 0 0 0 0 0 0 0 0 0 0 0 311 275 8 159 4064 15 970 99 119 7 124
0 0 0 0 0 0 0 0 0 0 0 0 0 0 0 0 0 0 0 0 0 0 0 0 0 0 0 0 0 0 0 0 0 0 0 0 0 0 0 0 0 0 0 0 0 0 0 0 0 0 0 0 0 0 0 0 0 0 0 0 0 0 0 0 0 0 0 0 0 0 0 0 0 0 0 0 0 0 0 0 0 0 0 0 0 0 0 0 0 0 0 0 0 0 0 321 15 153 2 366
0 0 0 0 0 0 0 0 0 0 0 0 0 0 0 0 0 0 0 0 0 0 0 0 0 0 0 0 0 0 0 0 0 0 0 0 0 0 0 0 0 0 0 0 0 0 0 0 0 0 0 0 0 0 0 0 0 5 80 282 424 233 369 78 20 29 1916 29 1444 1371 135 1923 46 2 10 64 334 11 10 213 77 5 2044 1 1059 282 158 34 207 430 57 37 1 68 4716 44 601 78 67 193
0 0 0 0 0 0 0 0 0 0 0 0 0 0 0 0 0 0 0 0 0 0 0 0 0 0 0 0 0 0 0 0 0 0 0 0 0 0 0 0 0 0 0 0 0 0 0 0 0 0 0 0 0 0 0 0 0 0 0 0 0 0 0 0 0 0 0 0 0 0 0 0 722 72 10 415 220 4 175 70 65 31 14 1816 94 722 424 220 4 175 70 65 1 357 1904 239 5 1179 4 14
0 0 0 0 0 0 0 0 0 0 0 0 0 0 0 0 0 0 0 0 0 0 0 0 0 0 0 0 0 0 0 0 0 0 0 0 0 0 0 0 0 0 0 0 0 0 0 0 0 0 0 0 0 0 0 0 0 0 0 0 0 0 0 0 0 141 236 3 4 1163 567 370 1164 108 15 420 45 654 150 15 293 43 81 3105 223 16 1 1496 2 1165 271 3 1692 364 4 23 3106 2 8 1054
0 0 0 0 0 0 0 0 0 0 0 0 0 0 0 0 0 0 0 0 0 0 0 0 0 0 0 0 0 0 1 1055 688 3953 8 1960 3 3954 8 3955 13 5 3956 3957 720 961 12 233 400 367 449 12 9 553 4 120 1961 1452 77 99 565 20 65 24 3958 3959 15 944 1225 13 1 1289 3 7 9 49 3 149 12 37 5 3960 3961 14 7 112 22 1 278 3 1645 8 121 20 35 202 31 37 1 177
0 0 0 0 0 0 0 0 0 0 0 0 0 0 0 0 0 0 0 0 0 0 0 0 0 0 0 0 0 0 0 0 0 0 0 0 0 0 0 0 0 0 0 0 0 0 0 0 0 0 0 0 0 0 0 0 0 0 0 0 0 0 0 0 0 0 0 0 0 0 0 0 0 0 0 0 0 0 0 0 0 0 0 0 0 0 0 0 0 0 0 0 0 0 0 1 199 4 389 303
0 0 0 0 0 0 0 0 0 0 0 0 0 0 0 0 0 0 0 0 0 0 0 0 0 0 0 0 0 0 0 0 0 0 0 0 0 0 0 0 0 0 0 0 0 0 0 0 0 0 0 0 0 0 0 0 0 0 0 0 0 0 0 0 0 0 0 0 0 0 0 0 0 0 0 0 0 0 0 0 0 0 0 0 0 0 0 0 0 0 0 0 0 0 0 0 848 2806 1032 2807
0 0 0 0 0 0 0 0 0 0 0 0 0 0 0 0 0 0 0 0 0 0 0 0 0 0 0 0 0 0 0 0 0 0 0 0 0 0 0 0 0 0 0 0 0 0 0 0 0 0 0 0 0 0 0 0 0 0 0 0 0 0 0 0 0 0 0 0 0 0 0 0 0 0 0 0 0 0 0 0 0 0 0 0 0 0 0 0 0 0 0 0 0 0 0 1 199 4 389 303
0 0 0 0 0 0 0 0 0 0 0 0 0 0 0 0 0 0 0 0 0 0 0 0 0 0 0 0 0 0 0 0 0 0 0 0 0 0 0 0 0 0 0 0 0 0 0 0 0 0 0 0 0 0 0 0 0 0 0 0 0 0 0 0 0 0 0 0 0 0 0 0 0 0 0 0 0 0 0 0 0 0 0 0 0 0 0 0 0 0 529 541 397 65 1 998 2 36 33 60
0 0 0 0 0 0 0 0 0 0 0 0 0 0 0 0 0 0 0 0 0 0 0 0 0 0 0 0 0 0 0 0 0 0 0 0 0 0 0 0 0 0 0 0 0 0 0 0 0 0 0 0 0 0 0 0 0 0 0 0 0 0 0 0 0 0 0 0 0 0 0 0 0 0 0 0 0 0 0 0 0 0 0 0 1829 95 16 111 3598 14 878 142 161 23 99 930 16 11 69 14
0 0 0 0 0 0 0 0 0 0 0 0 0 0 0 0 0 0 0 0 0 0 10 458 5 172 362 2 46 1395 621 27 5 1392 62 4959 10 6 652 21 27 132 4960 426 4961 342 2 2185 11 231 7 238 29 358 4 1 129 2 1 172 36 33 60 163 10 150 4962 116 5 1392 4 992 21 1376 37 527 2 1 87 659 6 5 548 765 3 4963 37 133 2 3 37 361 4 68 527 2 36 33 60 87
0 0 0 0 0 0 0 0 0 0 0 0 0 0 0 0 0 0 0 0 0 0 0 0 0 0 0 0 0 0 0 0 0 0 0 0 0 0 0 0 0 0 0 0 0 0 0 0 0 0 0 0 0 0 0 0 0 0 0 0 0 0 0 0 0 0 0 0 0 0 0 0 0 0 0 0 0 0 0 0 0 0 0 0 0 0 0 0 0 1845 12 22 2029 15 34 4 861 218 1339 4
0 0 0 0 0 0 0 0 0 0 0 0 0 0 0 0 0 0 0 0 0 0 0 0 0 0 0 0 0 0 0 28 112 51 5 4359 4360 110 2 394 151 857 4 31 6 1 868 2 1 673 48 2 1 80 113 28 275 5 578 4361 4362 51 8 4363 984 3 4364 7 4365 53 35 18 1347 8 205 35 18 106 31 5 4366 297 57 1 110 248 1348 3 28 149 89 1048 3 203 7 9 1 984 337 4367
0 0 0 0 0 0 0 0 0 0 0 0 0 0 0 0 0 0 0 0 0 0 0 0 0 0 0 0 0 0 0 0 0 0 0 0 0 0 0 0 0 0 0 0 0 0 0 0 0 0 0 0 0 0 0 0 0 0 0 0 0 0 0 0 0 0 0 0 0 0 0 0 0 0 0 0 0 0 0 0 0 0 0 0 1 2270 2 185 1421 30 364 2271 51 27 467 534 6 1 177 1408
0 0 0 0 0 0 0 0 0 0 0 0 0 0 0 0 0 0 0 0 0 0 0 0 0 0 0 0 0 0 0 0 0 0 0 0 0 0 0 0 0 0 0 0 0 0 0 0 0 0 0 0 0 0 0 0 0 0 0 0 0 0 0 0 0 0 0 0 0 0 0 0 0 0 0 0 0 0 0 0 0 0 0 0 0 0 0 0 0 0 0 0 0 0 0 10 686 201 5 4258
0 0 0 0 0 0 0 0 0 0 0 0 0 0 0 0 0 0 0 0 0 0 0 0 0 0 0 0 0 0 0 0 0 0 0 0 0 0 0 0 0 0 0 0 0 0 0 0 0 0 0 0 0 0 0 0 0 0 0 0 0 0 0 0 0 0 0 0 0 0 0 0 0 0 0 0 0 0 0 0 0 0 0 0 0 0 0 0 0 0 0 0 0 0 0 2889 325 19 42 783
0 0 0 0 0 0 0 0 0 0 0 0 0 0 0 0 0 0 0 0 0 0 0 0 0 0 0 0 0 0 0 0 0 0 0 0 0 0 0 0 0 0 0 0 0 0 0 0 0 0 0 0 0 0 0 0 0 0 0 0 0 0 0 0 0 0 0 0 0 0 0 0 539 1623 28 972 1 750 7 18 4562 26 6 1 445 3 1 1370 97 959 51 976 239 92 1 144 3 4563 158 50
0 0 0 0 0 0 0 0 0 0 0 0 0 0 0 0 0 0 0 0 0 0 0 0 0 0 0 0 0 0 0 0 0 0 0 0 0 0 0 0 0 0 0 0 0 0 0 0 0 0 0 0 0 0 0 0 0 0 0 0 0 0 0 0 0 0 0 0 0 0 0 0 0 0 0 0 0 0 0 0 0 0 0 0 0 0 0 0 0 0 0 0 0 2861 2862 5 2863 2 841 1597
0 0 0 0 0 0 0 0 0 0 0 0 0 0 0 0 0 0 0 0 0 0 0 0 0 0 0 0 0 0 0 0 0 0 0 0 0 0 0 0 0 0 0 0 0 0 0 0 0 0 0 0 0 0 0 0 0 0 0 0 0 0 0 0 0 0 0 0 0 0 0 0 0 0 0 0 0 0 0 0 0 0 0 0 0 0 0 0 0 0 0 0 0 0 15 1 186 3 1 1599
0 0 0 0 0 0 0 0 0 0 0 0 0 0 0 0 0 0 0 0 0 0 0 0 0 0 0 0 0 0 0 0 0 0 0 0 0 0 0 0 0 0 0 0 0 0 0 0 0 0 28 994 123 3 123 7 2152 1 110 20 7 880 8 2118 3 4827 93 1 745 525 4828 1 2153 28 149 59 7 18 490 3 270 4 597 12 9 843 69 16 363 4 369 1 189 785 1 2130 4829 9 16 197
0 0 0 0 0 0 0 0 0 0 0 0 0 0 0 0 0 0 0 0 0 0 0 0 0 0 0 0 0 0 1 36 33 284 285 162 30 5 5048 5049 5050 737 225 5051 5052 5053 184 1 206 2 1 763 2 5054 3 1561 622 2203 1003 27 1 5055 5056 491 1 1404 5057 21 2204 622 5058 702 30 5059 5060 2205 4 1 36 33 284 285 162 44 622 5061 4 1 172 5062 2197 27 288 231 2204 206 3 67 5063 206
0 0 0 0 0 0 0 0 0 0 0 0 0 0 0 0 0 0 0 0 0 0 0 0 0 0 0 0 0 0 0 0 0 0 0 0 0 0 0 0 0 0 0 0 0 0 0 0 0 0 0 0 0 0 0 0 0 0 0 0 20 1641 57 25 568 1 569 340 1 537 1139 1639 81 428 18 106 107 1 200 9 245 2987 1 2988 2 1 798 552 343 1 1653 11 1 425 1140 3 869 123 138 53
0 0 0 0 0 0 0 0 0 0 0 0 0 0 0 0 0 0 0 0 0 0 0 0 0 0 0 0 0 0 0 0 0 0 0 0 0 0 0 0 0 0 0 0 0 0 0 0 0 0 0 0 0 0 0 0 0 0 0 0 0 0 0 0 0 0 0 0 0 0 0 0 0 0 0 0 0 0 0 0 0 0 0 0 0 0 0 0 0 0 0 0 0 0 0 0 0 0 27 4569
0 0 0 0 0 0 0 0 0 0 0 0 0 0 0 0 0 0 0 0 0 0 0 0 0 0 0 0 0 0 0 0 0 0 0 0 0 0 0 0 0 0 0 0 0 0 0 0 0 0 0 0 0 0 0 0 0 0 0 0 0 0 0 0 0 0 0 0 1 443 2 53 151 49 1200 6 1 450 179 3 1 721 587 355 122 3551 8 585 1245 164 55 58 83 29 72 59 4 54 21 148
0 0 0 0 0 0 0 0 0 0 0 0 0 0 0 0 0 0 0 0 0 0 0 0 0 0 0 0 0 0 0 0 0 0 0 0 0 0 0 0 0 0 0 0 0 0 0 0 0 0 0 0 0 0 0 0 0 0 0 0 0 0 0 0 0 0 907 3 10 713 258 53 123 916 35 713 4139 570 77 93 279 63 10 691 70 51 423 15 54 29 1702 19 971 19 15 262 4140 4 54 14
0 0 0 0 0 0 0 0 0 0 0 0 0 0 0 0 0 0 0 0 0 0 0 0 0 0 0 0 0 0 0 0 0 0 0 0 0 0 0 0 0 0 0 0 0 0 0 0 0 0 0 0 0 0 0 0 0 0 0 0 0 0 0 0 0 0 0 0 0 0 0 0 0 0 0 0 0 0 0 0 0 0 0 0 0 0 0 0 0 0 0 0 0 0 0 0 0 0 0 0
0 0 0 0 0 0 0 0 0 0 0 0 0 0 0 0 0 0 0 0 0 0 0 0 0 0 0 0 0 0 0 0 0 0 0 0 0 0 0 0 0 0 0 0 0 0 0 0 0 0 0 0 0 0 0 0 0 0 0 0 0 0 0 0 0 0 0 0 0 0 0 0 0 0 0 0 0 0 0 0 0 0 0 0 0 0 0 0 0 0 0 0 1583 74 1584 5 2796 16 2797 210
0 0 0 0 0 0 0 0 0 0 0 0 0 0 0 0 0 0 0 0 0 0 0 0 0 0 0 0 0 0 0 0 0 0 0 0 0 0 0 0 0 0 0 0 0 0 0 0 0 0 0 0 0 1949 393 31 20 7 202 1 964 2 1948 441 86 6 1 1205 1 964 2 4020 32 5 779 273 6 5 4021 2 1887 917 5 268 1158 104 7 124 4022 11 12 18 135 239 31 47 131 4 1981 73
0 0 0 0 0 0 0 0 0 0 0 0 0 0 0 0 0 0 0 0 0 0 0 0 0 0 0 0 0 0 0 0 0 0 0 0 0 0 0 0 0 0 0 0 0 0 0 0 0 0 0 0 0 0 0 0 0 0 0 0 0 0 0 0 0 0 0 0 0 222 222 3 40 12 38 47 3358 1 1769 1691 489 1123 899 5 431 110 218 4 34 1078 670 103 31 164 881 7 670 29 103 1078
0 0 0 0 0 0 0 0 0 0 0 0 0 0 0 0 0 0 0 0 0 0 0 0 0 0 0 0 0 0 0 0 0 0 0 0 0 0 0 0 0 0 0 0 0 0 0 0 0 0 0 0 0 0 0 0 0 0 0 0 0 0 0 0 0 0 0 0 0 0 0 0 0 0 0 0 0 0 0 0 0 0 0 0 0 0 0 0 0 0 0 0 0 0 0 0 0 0 4539 131
0 0 0 0 0 0 0 0 0 0 0 0 0 0 0 0 0 0 0 0 0 0 0 0 0 0 0 0 0 0 0 0 0 0 0 0 0 0 0 0 0 0 0 0 0 0 0 0 0 0 0 0 0 0 0 0 0 0 0 0 0 0 0 0 0 0 0 0 0 0 0 0 0 0 0 0 0 0 0 0 0 0 0 0 0 0 0 0 0 0 0 0 0 2873 2 1 1602 2 2874 1603
0 0 0 0 0 0 0 0 0 0 0 0 0 0 0 0 0 0 0 0 0 0 0 0 0 0 0 0 0 0 0 0 0 0 0 0 0 0 0 0 0 0 0 0 0 0 0 0 0 0 0 0 0 0 0 0 0 0 0 0 0 0 0 0 0 0 0 0 0 0 0 0 0 0 0 0 0 0 0 0 0 0 0 0 0 0 0 0 0 0 0 0 0 0 147 3382 3383 27 700 701
0 0 0 0 0 0 0 0 0 0 0 0 0 0 0 0 0 0 0 0 0 0 0 0 0 0 0 0 0 0 0 0 0 0 0 0 0 0 0 0 0 0 0 0 0 0 0 0 0 0 0 0 0 0 0 0 0 0 0 0 0 0 0 0 0 0 0 0 0 0 0 0 0 0 0 0 0 0 0 0 0 0 0 0 0 0 0 0 0 0 0 0 0 2837 1575 5 850 540 4 191
0 0 0 0 0 0 0 0 0 0 0 0 0 0 0 0 0 0 0 0 0 0 0 0 0 0 0 0 0 0 0 0 0 0 0 0 0 0 0 0 0 0 0 0 0 0 0 0 0 0 0 0 0 0 0 0 0 0 0 0 0 0 0 0 0 0 0 0 0 0 281 148 454 4 283 101 65 8 416 313 2090 121 9 4557 4558 254 453 13 31 376 198 31 137 26 330 899 187 1 166 804
0 0 0 0 0 0 0 0 0 0 0 0 0 0 0 0 0 0 0 0 0 0 0 0 0 0 0 0 0 0 0 0 0 0 0 0 0 0 0 0 0 0 0 0 0 0 0 0 0 0 0 0 0 0 0 0 0 0 0 0 0 0 0 0 161 227 911 119 16 278 14 43 181 3457 5 912 2 131 629 3458 32 1 3459 255 3 3460 12 6 8 499 306 55 58 30 299 590 512 17 448 14
0 0 0 0 0 0 0 0 0 0 0 0 0 0 0 0 0 0 0 0 0 0 0 0 0 0 0 0 0 0 0 0 0 0 0 0 0 0 0 0 0 0 0 0 0 0 0 0 0 0 0 0 0 0 0 0 0 0 0 0 0 0 0 235 1664 105 116 5 189 39 298 29 148 89 5 3021 825 3022 26 3023 364 12 9 11 81 223 9 3024 3025 4 258 1 1150 831 267 3 109 1 871 1151
2952 562 2953 2954 2955 380 71 1631 342 3 2956 2957 20 16 495 2 185 18 1 223 120 2958 16 8 658 83 29 2959 555 83 7 1130 2960 682 476 7 149 1632 5 1131 1633 6 300 3 2961 27 5 425 5 425 2 260 1634 23 12 1132 62 337 674 4 1 865 2 2962 5 425 29 2963 555 2964 3 27 41 233 2965 6 2966 57 1 102 1635 2967 1 1636 2 1612 642 81 223 242 139 2 1 2968 3 2969 1019 12 4 53
0 0 0 0 0 0 0 0 0 0 0 0 0 0 0 0 0 0 0 0 0 0 0 0 0 0 0 0 0 0 0 0 0 0 0 0 0 0 0 0 0 0 0 0 0 0 0 0 0 0 0 0 103 933 28 178 1 438 3 430 1 1361 4 1 250 12 9 97 787 240 20 1 616 1192 4691 610 6 5 4692 305 19 28 413 1 91 977 513 1 394 259 91 110 245 4693 3 1111 6 1130 492 31
0 0 0 0 0 0 0 0 0 0 0 0 0 0 0 0 0 0 0 0 0 0 0 0 0 0 0 0 0 0 0 0 0 0 0 0 0 0 0 0 0 0 0 0 0 0 263 4792 1 110 1969 29 13 67 1057 10 34 95 267 954 178 78 28 40 1 280 9 5 522 758 19 10 334 12 9 176 38 95 1 113 4793 39 106 12 42 4794 39 168 12 16 2072 2 292 195 4795 9 4796 73 7 1369
1 753 3 7 149 12 37 141 752 6 1 507 158 18 4401 65 130 2066 26 68 1354 73 204 2067 274 4 338 1 680 4402 18 61 1187 13 5 886 702 2 4403 4404 297 1 4405 18 187 197 20 4406 1354 45 807 1 194 2 52 1 479 9 28 1132 12 69 35 18 112 16 2068 130 6 655 2066 20 49 18 61 271 50 49 271 19 4407 19 5 522 4408 3 19 4409 12 18 4410 1 144 3 1920 1 518 2 1 113
0 0 0 0 0 0 0 0 0 0 0 0 0 0 0 0 0 0 0 0 0 0 0 0 0 0 0 0 0 0 0 0 0 0 0 0 0 0 0 0 0 0 0 0 0 0 0 0 0 0 0 0 0 0 0 0 0 0 0 0 0 0 0 0 0 0 0 0 10 420 307 169 360 28 180 50 6 1 194 35 43 1 80 113 309 518 45 415 521 119 4368 71 68 1349 20 28 4369 4 334 12
0 0 0 0 0 0 0 0 0 0 0 0 0 0 0 0 0 0 0 0 0 0 0 0 0 0 0 0 0 0 0 0 0 0 0 0 0 0 0 0 0 0 0 0 0 0 0 0 0 0 0 0 0 0 0 0 0 0 0 0 0 0 0 0 0 0 0 0 0 0 0 0 0 0 0 0 0 0 0 0 0 0 0 0 0 0 0 0 0 0 0 0 0 0 0 0 0 0 147 2218
0 0 0 0 0 0 0 0 0 0 0 0 0 0 0 0 0 0 0 0 0 0 0 0 0 0 0 0 0 0 0 0 0 0 0 0 0 0 0 0 0 0 0 0 0 0 0 0 0 0 0 0 0 0 0 0 0 0 0 0 0 0 0 0 0 0 0 0 0 0 0 0 0 0 0 0 0 0 0 0 0 0 0 0 0 0 0 0 0 0 0 0 0 0 0 0 0 0 677 102
0 0 0 0 0 0 0 0 0 0 0 0 0 0 0 0 0 0 0 0 0 0 0 0 0 0 0 0 0 0 0 0 0 0 0 0 0 0 0 0 0 0 0 0 0 0 0 0 0 0 0 0 0 0 0 0 0 0 0 0 0 0 0 0 0 0 0 0 0 0 0 0 0 0 0 0 0 0 0 0 0 0 0 0 0 0 0 0 0 0 0 0 0 0 0 0 0 102 4 902
0 0 0 0 0 0 0 0 0 0 0 0 0 0 0 0 0 0 0 0 0 0 0 0 0 0 0 0 0 0 0 0 0 0 0 0 0 0 0 0 0 0 0 0 0 0 0 0 0 0 0 0 0 0 0 0 0 0 0 0 0 0 0 0 0 0 0 0 0 0 0 0 0 0 0 0 0 0 0 0 0 0 0 0 0 0 0 0 0 0 0 0 0 0 44 37 1 113 82 24
0 0 0 0 0 0 0 0 0 0 0 0 0 0 0 0 0 0 0 0 0 0 0 0 0 0 0 0 0 0 0 0 0 0 0 0 0 0 0 0 0 0 0 0 0 0 0 0 0 0 0 0 0 0 0 0 0 0 0 0 0 0 0 0 0 0 0 0 0 0 0 0 1 223 9 29 22 1 255 2 8 3055 45 38 19 1 1127 79 1570 3056 4 1 1602 2 8 3057 57 1 1678 877
